9.999999319698223976e-01 1.660144217545157785e-04 -3.293927173637569046e-04 6.842000000000000425e-04 -1.659855663155526706e-04 9.999999823851206671e-01 8.762733705124046697e-05 -7.409999999999999866e-05 3.294072589632344138e-04 -8.757265665320531603e-05 9.999999419109421028e-01 1.876000000000000063e-04
9.999863916766372762e-01 3.788404306399561746e-04 -5.203166484666859985e-03 -1.018800000000000044e-03 -5.190747970222596170e-04 9.996359228117813744e-01 -2.697688613597650983e-02 4.270000000000000114e-05 5.191052195282211228e-03 2.697921985837355499e-02 9.996225160894183226e-01 5.378549999999999998e-02
9.999602626309226361e-01 -1.444414589074907327e-03 -8.796978207948148720e-03 -1.235699999999999949e-03 1.119124189733637859e-03 9.993194134091211156e-01 -3.687082240333291322e-02 -9.271999999999999860e-04 8.844247856330127860e-03 3.685951234274580796e-02 9.992813195640708468e-01 1.092323999999999934e-01
9.999310620019251639e-01 -9.639378884136395268e-04 -1.170222489313012433e-02 -2.656100000000000214e-03 6.526915854974601420e-04 9.996466907845988903e-01 -2.657193250583817987e-02 -2.763499999999999897e-03 1.172370408174543306e-02 2.656246274628690576e-02 9.995784062971028172e-01 1.661745000000000028e-01
9.998832119348306513e-01 4.515401309347003142e-04 -1.527607941837529071e-02 -3.668100000000000093e-03 -6.648000974069481804e-04 9.999023587233664134e-01 -1.395818972068823410e-02 -5.124100000000000356e-03 1.526828515966483293e-02 1.396671510980282069e-02 9.997858822454559480e-01 2.237799000000000038e-01
9.998415881991359333e-01 1.564763232898127914e-03 -1.772991887895935398e-02 -5.056599999999999637e-03 -1.741464633189683921e-03 9.999489290299065081e-01 -9.955231432480294781e-03 -6.952999999999999979e-03 1.771343581468198813e-02 9.984530433018086806e-03 9.997932502991162540e-01 2.809723000000000082e-01
9.998335504211650626e-01 1.042922539368689198e-03 -1.821493246719352310e-02 -6.337200000000000298e-03 -1.277332758013249988e-03 9.999164621846016177e-01 -1.286223438036296005e-02 -8.288500000000000728e-03 1.819999651738566510e-02 1.288335999679281890e-02 9.997513586697245325e-01 3.384618999999999822e-01
9.998398601982744216e-01 9.806483033522495497e-04 -1.786875170794684567e-02 -7.616699999999999686e-03 -1.267988933314175134e-03 9.998699624225608762e-01 -1.607639415950277983e-02 -9.564299999999999538e-03 1.785066281010634290e-02 1.609647706834742981e-02 9.997110868962232333e-01 3.958435000000000148e-01
9.998536008345968451e-01 9.939248353966994957e-04 -1.708183279136827118e-02 -9.312499999999999598e-03 -1.283909727069252639e-03 9.998551130099117001e-01 -1.697364320790821501e-02 -1.099209999999999944e-02 1.706248733049843883e-02 1.699308981198573154e-02 9.997100111656070931e-01 4.544549999999999979e-01
9.998590254631040120e-01 1.392085310697307012e-03 -1.673294052041550406e-02 -1.078029999999999961e-02 -1.660908284199842265e-03 9.998696126564147191e-01 -1.606234945400830325e-02 -1.267620000000000031e-02 1.670839859602046146e-02 1.608787695126194170e-02 9.997309686268389672e-01 5.126292000000000071e-01
9.998589110422073656e-01 4.106982045624931149e-04 -1.679253811893923962e-02 -1.184890000000000075e-02 -6.736302657891694683e-04 9.998772258210640862e-01 -1.565501538286818636e-02 -1.410780000000000020e-02 1.678404694214929646e-02 1.566411859497992762e-02 9.997364308440931380e-01 5.719035000000000091e-01
9.998574199682997987e-01 -9.022969142005162011e-04 -1.686195702205444888e-02 -1.466959999999999965e-02 6.163943365159125012e-04 9.998560977080948042e-01 -1.695299188823828213e-02 -1.757759999999999878e-02 1.687482718006019441e-02 1.694018111530647130e-02 9.997140943646957156e-01 6.919507000000000296e-01
9.998473542380108547e-01 -9.592490094529769386e-04 -1.744557435533394818e-02 -1.771630000000000080e-02 6.610299255954282544e-04 9.998537026892934110e-01 -1.709199397225291336e-02 -2.084000000000000088e-02 1.745941759300949359e-02 1.707785290509103091e-02 9.997017133512701159e-01 8.145000000000000018e-01
9.998534521250873608e-01 4.861156686891706757e-05 -1.711934316675833151e-02 -2.076280000000000139e-02 -3.285620156881208492e-04 9.998662686312922432e-01 -1.635044037138737305e-02 -2.427930000000000019e-02 1.711625895303981598e-02 1.635366901499518688e-02 9.997197563263419129e-01 9.395280999999999771e-01
9.998681684019664617e-01 4.036987478977030475e-04 -1.623215462647891252e-02 -2.371720000000000078e-02 -7.074160361213962297e-04 9.998247125361497956e-01 -1.870945655430420601e-02 -2.728509999999999963e-02 1.622175634907679562e-02 1.871847294323188832e-02 9.996931896295107034e-01 1.064992399999999950e+00
9.998361680804310758e-01 -3.003891693978895903e-03 -1.784975162098455248e-02 -2.776829999999999923e-02 2.664420452542350624e-03 9.998157110272661852e-01 -1.901170288780853687e-02 -3.312190000000000273e-02 1.790357120498784621e-02 1.896102892073840349e-02 9.996599129305799858e-01 1.258658599999999961e+00
9.997755863848637459e-01 -5.351732393600452248e-03 -2.049721515692013579e-02 -3.065150000000000166e-02 4.960421024294248485e-03 9.998053792119842020e-01 -1.909444741389832237e-02 -3.694370000000000293e-02 2.059541434551702410e-02 1.898848754292127225e-02 9.996075561182842240e-01 1.391189000000000009e+00
9.996983946126061227e-01 -7.687880601807448727e-03 -2.332415702293094001e-02 -3.394640000000000157e-02 7.251543356799356604e-03 9.997981912714276609e-01 -1.873477646854076334e-02 -4.079250000000000237e-02 2.346348072904881621e-02 1.855998982311365259e-02 9.995523957501394330e-01 1.526577599999999979e+00
9.995939863350888910e-01 -7.550137330960156150e-03 -2.747467759610329810e-02 -3.856699999999999712e-02 7.091468611408039725e-03 9.998345011053508813e-01 -1.675355103694455006e-02 -4.432930000000000204e-02 2.759662217844048235e-02 1.655191305250644507e-02 9.994820961971468964e-01 1.664955500000000033e+00
9.991956598059912320e-01 -5.864259497125482411e-03 -3.966918054888744077e-02 -4.746639999999999887e-02 5.008922943086223552e-03 9.997535641956364350e-01 -2.162687145825014853e-02 -4.995440000000000297e-02 3.978623022881259269e-02 2.141077622768086317e-02 9.989787958437897908e-01 1.879254200000000097e+00
9.986413808767480305e-01 -7.004906954720585555e-03 -5.163645688016935825e-02 -5.542659999999999948e-02 5.895566239371692260e-03 9.997492066632392982e-01 -2.160476972663215658e-02 -5.406559999999999838e-02 5.177484620256309761e-02 2.127099092142460332e-02 9.984322261655628195e-01 2.025916300000000003e+00
9.981233240638502924e-01 -7.275053847994926090e-03 -6.080216732353223297e-02 -6.511530000000000096e-02 6.240111914056521020e-03 9.998326988370928037e-01 -1.719404953567830671e-02 -5.784849999999999715e-02 6.091708268646887914e-02 1.678236954795370509e-02 9.980017340212018473e-01 2.175992299999999879e+00
9.979427538588981905e-01 -2.988184324672383662e-03 -6.404163313782908207e-02 -8.152360000000000162e-02 2.017895349428248507e-03 9.998822814417962501e-01 -1.521023856181389147e-02 -6.449570000000000303e-02 6.407954524555602160e-02 1.504971804354874806e-02 9.978313073199961414e-01 2.402950999999999837e+00
9.980464887000232155e-01 -1.943167159187783599e-03 -6.244542012786824525e-02 -9.221949999999999592e-02 1.036897898452147481e-03 9.998937202537035995e-01 -1.454211263732424486e-02 -6.911409999999999776e-02 6.246704120016173534e-02 1.444895493106314668e-02 9.979424314383558148e-01 2.554887299999999861e+00
9.982092484567636204e-01 -3.497236301139749776e-03 -5.971654405302698893e-02 -1.025111999999999968e-01 2.571862911603601479e-03 9.998755358921227465e-01 -1.556593221122144592e-02 -7.384110000000000673e-02 5.976354922983607293e-02 1.538447472923316732e-02 9.980940016455156494e-01 2.706649300000000036e+00
9.983671850563953232e-01 -4.560865181331754184e-03 -5.693998868429055865e-02 -1.119925999999999977e-01 3.663919995697147852e-03 9.998677164040310483e-01 -1.584693608409134397e-02 -7.801679999999999726e-02 5.700473219684968479e-02 1.561243740694774791e-02 9.982518281001941940e-01 2.857976900000000153e+00
9.985076103278127668e-01 -5.185639158716158839e-03 -5.436599363532675783e-02 -1.207209999999999950e-01 4.334516023968679535e-03 9.998663818870512365e-01 -1.576167322765440956e-02 -8.281159999999999910e-02 5.444046370374482774e-02 1.550250039874176596e-02 9.983966688611838336e-01 3.008494900000000083e+00
9.986119098285142215e-01 -5.521942114503602082e-03 -5.238092881890821922e-02 -1.299464999999999926e-01 4.700194757981488759e-03 9.998641541621073880e-01 -1.579814517373892904e-02 -8.761579999999999369e-02 5.246104953090913875e-02 1.553001535664272174e-02 9.985022067602744578e-01 3.159097200000000161e+00
9.986372853778895387e-01 -6.282428847385041100e-03 -5.180833273574042552e-02 -1.380331999999999948e-01 5.435186158186705759e-03 9.998494539584362739e-01 -1.647811185915031007e-02 -9.250400000000000289e-02 5.190405576162140933e-02 1.617406896221104673e-02 9.985210906579290446e-01 3.307665599999999984e+00
9.986954733659502148e-01 -6.068371793609407712e-03 -5.070035840243354575e-02 -1.465459000000000067e-01 5.253568981441397896e-03 9.998551511250078905e-01 -1.618878567851276401e-02 -9.678430000000000366e-02 5.079125408294153654e-02 1.590130914617123026e-02 9.985826940599962231e-01 3.455805100000000074e+00
9.987555792902050866e-01 -6.085673409035383466e-03 -4.950007490747273392e-02 -1.551455999999999946e-01 5.229982392714913747e-03 9.998349673960572614e-01 -1.739785205986383795e-02 -1.018938999999999956e-01 4.959778342687044123e-02 1.711731729225044255e-02 9.986225800210295489e-01 3.602633500000000044e+00
9.986579000449528065e-01 -7.745479609847780340e-03 -5.120943490626084227e-02 -1.632079999999999920e-01 6.930330340197945506e-03 9.998467481685607838e-01 -1.607640190248693993e-02 -1.063797999999999966e-01 5.132610640970992899e-02 1.569992746378104029e-02 9.985585326251291693e-01 3.749185999999999908e+00
9.981753063777242252e-01 -1.287896886512915166e-02 -5.899313433534020268e-02 -1.713299000000000072e-01 1.186522434982455014e-02 9.997764180158458247e-01 -1.750229786436925325e-02 -1.113169999999999993e-01 5.920535608257745941e-02 1.677039475909282082e-02 9.981049442171696651e-01 3.894855300000000131e+00
9.966594801644924617e-01 -1.822079993191885391e-02 -7.961082243065026320e-02 -1.872028000000000025e-01 1.671082472375835445e-02 9.996683908764485427e-01 -1.959225917406882608e-02 -1.191202999999999984e-01 7.994140939022384429e-02 1.819644834392259922e-02 9.966334633817849342e-01 4.110740200000000399e+00
9.958526961883104045e-01 -1.343573993332547456e-02 -8.998271160015659798e-02 -2.009290999999999994e-01 1.194423422232547549e-02 9.997825499318604425e-01 -1.709351106675561713e-02 -1.238332000000000044e-01 9.019280882262810384e-02 1.594784449984107053e-02 9.957966275763810993e-01 4.254059299999999766e+00
9.956185945797475512e-01 -9.639592038547431518e-03 -9.300909843869449578e-02 -2.155120000000000091e-01 7.743232818675065306e-03 9.997551589192551491e-01 -2.072835159511292671e-02 -1.286662000000000083e-01 9.318613884352212884e-02 1.991734117961531728e-02 9.954494678524724582e-01 4.395770500000000247e+00
9.958310133821457466e-01 -9.220635337148713057e-03 -9.075005603451619107e-02 -2.292544999999999999e-01 7.306393447610862873e-03 9.997442266043566894e-01 -2.140322373020672395e-02 -1.338166000000000078e-01 9.092419590558506459e-02 2.065093836211564712e-02 9.956436758919763319e-01 4.536713599999999680e+00
9.965891816985530394e-01 -8.550999222911847067e-03 -8.207851931960170877e-02 -2.417535000000000101e-01 7.065828805537448069e-03 9.998063273845323451e-01 -1.836795538823529986e-02 -1.391216000000000119e-01 8.221968733034264176e-02 1.772535286371263938e-02 9.964565895618120450e-01 4.675545200000000179e+00
9.976530520852427975e-01 -6.297891982770404025e-03 -6.818155338193135351e-02 -2.529162999999999828e-01 4.996160659246445986e-03 9.998022982754892762e-01 -1.924584998685200180e-02 -1.430569999999999897e-01 6.828928205558174036e-02 1.886003498466451087e-02 9.974872796365427119e-01 4.814314399999999772e+00
9.993199088987467782e-01 -1.171156332001795867e-03 -3.685577392277001457e-02 -2.660189000000000026e-01 4.800903699492170594e-04 9.998240164844155453e-01 -1.875381492410743700e-02 -1.503962000000000077e-01 3.687125156320305436e-02 1.872336651932565710e-02 9.991446073288620111e-01 5.021015199999999901e+00
9.998844208061246075e-01 -1.992255494434393994e-05 -1.520344146213482503e-02 -2.691263999999999879e-01 -2.651046889312839300e-04 9.998242562428165670e-01 -1.874530202484247371e-02 -1.553958000000000006e-01 1.520114300651968786e-02 1.874716596156499743e-02 9.997086920797002563e-01 5.160253499999999605e+00
9.999402364950376043e-01 -3.268222341347197784e-03 1.043274465208401426e-02 -2.689359000000000055e-01 3.497664383139633456e-03 9.997507389569476599e-01 -2.205053965099156715e-02 -1.622719999999999996e-01 -1.035807810894400459e-02 2.208571207284369675e-02 9.997024214935784636e-01 5.369321799999999811e+00
9.998063755231222371e-01 -9.934260848388914988e-03 1.698593314226809828e-02 -2.675174000000000163e-01 1.029440825054533937e-02 9.997212269016587660e-01 -2.124837972677835057e-02 -1.670264999999999944e-01 -1.677011097424637234e-02 2.141912565065223067e-02 9.996299237389170145e-01 5.508597400000000199e+00
9.997808559130133554e-01 -1.281867111825832177e-02 1.655058369376309624e-02 -2.657741000000000131e-01 1.314978565072612120e-02 9.997124017212856151e-01 -2.005484933872141162e-02 -1.716550000000000020e-01 -1.628874725638176230e-02 2.026809106504080804e-02 9.996618834372934526e-01 5.648722199999999916e+00
9.998318624569905166e-01 -1.325061905185237129e-02 1.267548462695339100e-02 -2.646883999999999904e-01 1.351753733437230723e-02 9.996836727776856613e-01 -2.120920946501363841e-02 -1.760934000000000110e-01 -1.239043987109802146e-02 2.137698473732112248e-02 9.996947041588951643e-01 5.789259399999999722e+00
9.998835751633521340e-01 -1.405948270070905663e-02 5.930182521779983791e-03 -2.645813000000000192e-01 1.419300145232095002e-02 9.996322118049385530e-01 -2.310843637593824537e-02 -1.811386000000000107e-01 -5.603108809185973309e-03 2.318991306915213838e-02 9.997153760463612926e-01 5.931751700000000405e+00
9.998650474917736286e-01 -1.627795984670568630e-02 -2.216941023621308519e-03 -2.650137000000000187e-01 1.622237212213332308e-02 9.996008248860327461e-01 -2.313061888263499150e-02 -1.860149000000000108e-01 2.592575361336530316e-03 2.309153330534194359e-02 9.997299933695117380e-01 6.074663600000000052e+00
9.998231689296105396e-01 -1.568926755600076259e-02 -1.036714787720350618e-02 -2.670926000000000133e-01 1.545543867192548763e-02 9.996326869709271090e-01 -2.226253702395315434e-02 -1.911075000000000135e-01 1.071262278855805890e-02 2.209837149748272375e-02 9.996984053654128788e-01 6.217992800000000209e+00
9.997932886434205413e-01 -1.235740816410215749e-02 -1.614541566636824160e-02 -2.708125000000000115e-01 1.203372236022583371e-02 9.997276817257503279e-01 -1.999379697340884429e-02 -1.956332000000000071e-01 1.638809048458753775e-02 1.979537457899377753e-02 9.996697322793896001e-01 6.364933500000000244e+00
9.997408634207037847e-01 -1.097117188207924997e-02 -1.994591172043904542e-02 -2.742555999999999883e-01 1.056231364487847900e-02 9.997342754518576680e-01 -2.048941231994001050e-02 -2.006244000000000083e-01 2.016540446638469958e-02 2.027342778819529734e-02 9.995910886899822545e-01 6.511325799999999830e+00
9.996588306063999285e-01 -1.257769590173954226e-02 -2.289156954969144911e-02 -2.780138999999999805e-01 1.209323523761743867e-02 9.997025348734887018e-01 -2.118007150622348844e-02 -2.061108000000000107e-01 2.315115660464168654e-02 2.089601237854860766e-02 9.995135720011724123e-01 6.656060700000000274e+00
9.996379631139726829e-01 -1.272745388767659164e-02 -2.370558201953026911e-02 -2.803556999999999855e-01 1.224862552902670002e-02 9.997202023987045161e-01 -2.023581203072559453e-02 -2.091407000000000127e-01 2.395649961904464109e-02 1.993812512324690672e-02 9.995141606263376888e-01 6.728435499999999791e+00
9.996120486191647503e-01 -1.277347023206856780e-02 -2.475056996570473150e-02 -2.846420000000000061e-01 1.230257340924940934e-02 9.997421626102942493e-01 -1.908546532841566556e-02 -2.138397999999999965e-01 2.498797596658873521e-02 1.877356539186377654e-02 9.995114578130511740e-01 6.872850399999999915e+00
9.996226968367584176e-01 -1.119791515845210313e-02 -2.508128116564787777e-02 -2.866099999999999759e-01 1.073830260113676181e-02 9.997733099724340766e-01 -1.838525289490472794e-02 -2.160742999999999969e-01 2.528147199141287868e-02 1.810898569404956540e-02 9.995163389415302468e-01 6.945166600000000301e+00
9.996601991813308663e-01 -8.601006795578399616e-03 -2.460708952404344271e-02 -2.914548000000000139e-01 8.167322254689825950e-03 9.998104987672475907e-01 -1.767091966977685918e-02 -2.212776999999999938e-01 2.475441415040805990e-02 1.746394104691356697e-02 9.995410095354667623e-01 7.086527300000000196e+00
9.996536948048825311e-01 -1.027012351002969462e-02 -2.422839297261388317e-02 -2.958995999999999849e-01 9.774701941340585565e-03 9.997425091320962798e-01 -2.047854087131868728e-02 -2.259548000000000112e-01 2.443247152673308845e-02 2.023462372640155021e-02 9.994966805036153978e-01 7.227269200000000282e+00
9.996060476484890378e-01 -1.464722852080031779e-02 -2.394176687769709530e-02 -2.998432999999999793e-01 1.417494806114785733e-02 9.997039008179859909e-01 -1.977830975503427902e-02 -2.307056000000000107e-01 2.422437516284580220e-02 1.943114474141390685e-02 9.995176888189661879e-01 7.366295299999999990e+00
9.995667042570502980e-01 -1.751766359469761336e-02 -2.365449646222981747e-02 -3.062823000000000073e-01 1.713988785424642308e-02 9.997237910871769051e-01 -1.607998067867235856e-02 -2.381971999999999978e-01 2.392964657161682565e-02 1.566757787488628692e-02 9.995908658138548120e-01 7.571884599999999743e+00
9.995276718965883100e-01 -1.896346547164475330e-02 -2.418305378342020320e-02 -3.105034999999999878e-01 1.859461838617798221e-02 9.997086970800650452e-01 -1.538704486088996945e-02 -2.428093000000000057e-01 2.446780088317028826e-02 1.493010247065859955e-02 9.995891249709337734e-01 7.706839099999999831e+00
9.994358186293669233e-01 -2.039641909263880878e-02 -2.668390018053306070e-02 -3.144160999999999762e-01 2.001606504664045147e-02 9.996953122025912242e-01 -1.444437261401069345e-02 -2.475015999999999883e-01 2.697038339912637486e-02 1.390211668635977366e-02 9.995395587824140726e-01 7.838125200000000348e+00
9.993514217415803147e-01 -1.998756000822604281e-02 -2.995385297419344423e-02 -3.189069999999999960e-01 1.955620983881577526e-02 9.997017883907026725e-01 -1.462494256983408111e-02 -2.517074000000000256e-01 3.023723730472477333e-02 1.402967331580828869e-02 9.994442844635359480e-01 7.965783100000000339e+00
9.992173020385523019e-01 -2.064514627161503912e-02 -3.374257314165794719e-02 -3.234420000000000073e-01 2.016705103634253149e-02 9.996922197095529095e-01 -1.444838761538838438e-02 -2.560526000000000191e-01 3.403047691840466182e-02 1.375659069721027646e-02 9.993261143656235745e-01 8.089072200000000379e+00
9.991223675813806215e-01 -1.902536477707635412e-02 -3.731661953708891727e-02 -3.289899000000000018e-01 1.850950460355576047e-02 9.997289610246025138e-01 -1.412100308051178650e-02 -2.599879999999999969e-01 3.757516251338923613e-02 1.341789788931401807e-02 9.992037165555002209e-01 8.207935300000000822e+00
9.990234047491765024e-01 -1.637873138670145612e-02 -4.103625130936421755e-02 -3.347916000000000225e-01 1.578698035287055823e-02 9.997672691937429246e-01 -1.470301670488062193e-02 -2.638358000000000092e-01 4.126751767069464921e-02 1.404081931541746597e-02 9.990494719373262944e-01 8.322222699999999307e+00
9.989747937036291825e-01 -1.424746431564844450e-02 -4.296942291171482187e-02 -3.406553999999999971e-01 1.353125443374052737e-02 9.997654010926447787e-01 -1.691295159079310786e-02 -2.680829000000000129e-01 4.320030900631216531e-02 1.631418213204259907e-02 9.989332213732415866e-01 8.431288699999999636e+00
9.989975115583246135e-01 -1.193866145553781032e-02 -4.314441172301715366e-02 -3.465166000000000079e-01 1.120630578041900173e-02 9.997896676589209664e-01 -1.717670379380571710e-02 -2.720093000000000094e-01 4.334040390941126808e-02 1.667599487630191946e-02 9.989211783638660691e-01 8.537587200000000820e+00
9.990046856127215991e-01 -1.159574953954917685e-02 -4.307176240233505371e-02 -3.491454999999999975e-01 1.094119223441710094e-02 9.998215232991908286e-01 -1.540168367988069102e-02 -2.737683000000000200e-01 4.324266916272270778e-02 1.491509773020670802e-02 9.989532578771549431e-01 8.588835700000000628e+00
9.991622685118514147e-01 -6.615027515433883828e-03 -4.038567311833615031e-02 -3.539423999999999904e-01 6.138879394396560413e-03 9.999103162071706352e-01 -1.190267626448084440e-02 -2.774490000000000012e-01 4.046078770899177307e-02 1.164478224124585945e-02 9.991132687060670925e-01 8.687158600000000064e+00
9.994421755679033792e-01 -3.981866168981626139e-03 -3.315844444343944708e-02 -3.576560999999999768e-01 3.739405701965224996e-03 9.999658421313611933e-01 -7.370984704479977521e-03 -2.802156000000000091e-01 3.318666209627672836e-02 7.242880112903113225e-03 9.994229265664149597e-01 8.779132799999999293e+00
9.997548480580117358e-01 1.950624685557831998e-04 -2.214059021650856968e-02 -3.604204999999999770e-01 -3.385020081906865924e-04 9.999789795771306666e-01 -6.475015078817107986e-03 -2.828272000000000008e-01 2.213886177951443490e-02 6.480922350546947444e-03 9.997338988173771757e-01 8.863113399999999586e+00
9.999731855415473492e-01 4.017144655590439628e-04 -7.312101160285612578e-03 -3.612231000000000192e-01 -4.630721136780781549e-04 9.999646836126682148e-01 -8.391489238142197174e-03 -2.850775999999999866e-01 7.308471940674281936e-03 8.394650255042388279e-03 9.999380561239721299e-01 8.937694499999999209e+00
9.999356536677664886e-01 9.068666341294018621e-04 1.130779009906231203e-02 -3.606564999999999910e-01 -7.874825057880994929e-04 9.999439561118889097e-01 -1.055767524637487263e-02 -2.873657000000000017e-01 -1.131673076995412877e-02 1.054809121181372010e-02 9.998803275274834590e-01 9.004344899999999541e+00
9.960482621785956558e-01 1.192809443371864366e-03 8.880561140283611821e-02 -3.494341000000000252e-01 -5.530518580182663957e-04 9.999737227111711313e-01 -7.228279242266049016e-03 -2.922585999999999795e-01 -8.881189979187516237e-02 7.150600869411927012e-03 9.960227484162017531e-01 9.165750499999999690e+00
9.912512734021496907e-01 2.456938284191283010e-03 1.319654365085209113e-01 -3.420568999999999971e-01 -1.347479706971097934e-03 9.999630018694071198e-01 -8.495833729741329374e-03 -2.938289000000000040e-01 -1.319814277732139496e-01 8.243685255502211998e-03 9.912179096325651750e-01 9.213077500000000697e+00
9.479150612638151951e-01 1.881872976102116901e-02 3.179668096506285124e-01 -3.055269999999999930e-01 2.334482866833619344e-03 9.978159122087600919e-01 -6.601481297969774564e-02 -2.998293000000000208e-01 -3.185146571493403522e-01 6.331872355932063878e-02 9.458007995491738429e-01 9.337395700000000076e+00
9.180917852953233149e-01 2.723440525082049257e-02 3.954311077088905058e-01 -2.880416000000000087e-01 -1.498565393704878040e-04 9.976604588767021831e-01 -6.836363314618158771e-02 -3.012183999999999973e-01 -3.963678232604958551e-01 6.270483206709169532e-02 9.159479530623856336e-01 9.374324800000000124e+00
8.789597852270760736e-01 2.241290426969559310e-02 4.763689302166648765e-01 -2.663009000000000071e-01 1.116125623148614757e-02 9.976546083365729345e-01 -6.753302025035019807e-02 -3.029418999999999862e-01 -4.767652696169336068e-01 6.467568466585073284e-02 8.766481241068710961e-01 9.407932300000000581e+00
8.258615965172899642e-01 3.974284054337780606e-03 5.638588728256108684e-01 -2.391529000000000016e-01 2.765536756995019829e-02 9.984862566577581422e-01 -4.754341079632699169e-02 -3.072648000000000046e-01 -5.631942862303238595e-01 5.485800152970204263e-02 8.245015437375986522e-01 9.439663899999999330e+00
7.512638923614485265e-01 4.984468392154104907e-03 6.599831203210984043e-01 -2.100043000000000049e-01 2.482520982196375486e-02 9.990504413367562453e-01 -3.580397494871113973e-02 -3.093590999999999980e-01 -6.595348914130483298e-01 4.328245302290614771e-02 7.504267827503883215e-01 9.469345999999999819e+00
6.525013906938675889e-01 -5.335323126386463249e-03 7.577687440569885746e-01 -1.755490000000000106e-01 2.577997913681031802e-02 9.995526682476112423e-01 -1.516100507178064563e-02 -3.107511000000000023e-01 -7.573488811758254391e-01 2.942783930596977113e-02 6.523470506222188714e-01 9.493206000000000699e+00
5.360592307700247083e-01 -2.648914815717207105e-02 8.437646746197406955e-01 -1.352420000000000011e-01 3.543379407237403494e-02 9.993327390902629892e-01 8.861310286240488623e-03 -3.108983000000000163e-01 -8.434363919963887568e-01 2.514759655036299252e-02 5.366401504209821205e-01 9.511371600000000370e+00
4.054349599314496788e-01 -3.470645608222921313e-02 9.134648078451607089e-01 -9.360029999999999739e-02 3.461078145048034765e-02 9.991452999893495335e-01 2.260007337554027079e-02 -3.112438000000000149e-01 -9.134684379182299585e-01 2.245287098357388184e-02 4.062896522332609672e-01 9.523897200000000396e+00
1.994683836207025718e-01 -4.583872986836377839e-02 9.788315354440718652e-01 -2.693459999999999951e-02 2.614322933596810450e-02 9.987986476093322352e-01 4.144626754794453194e-02 -3.107842000000000104e-01 -9.795554581010873507e-01 1.732259731749249271e-02 2.004271242285953214e-01 9.531594300000000075e+00
1.345423191543580199e-01 -4.590547811522211613e-02 9.898439530732000557e-01 -4.151799999999999762e-03 2.342123467677981880e-02 9.987945917477454305e-01 4.313709843823056861e-02 -3.102251999999999788e-01 -9.906310161320318608e-01 1.737960225284947841e-02 1.354553037084582634e-01 9.532143599999999495e+00
7.492637534735673011e-02 -4.473602589345790359e-02 9.961850863492019981e-01 2.002019999999999841e-02 1.959736477084456086e-02 9.988663105404100850e-01 4.338244992422016222e-02 -3.093733000000000177e-01 -9.969964802201388698e-01 1.627211278995056506e-02 7.571814032321222410e-02 9.531200399999999462e+00
1.780263502361046843e-02 -4.536936050941665216e-02 9.988116375539396463e-01 4.480209999999999748e-02 1.946910535252540514e-02 9.987962780524236583e-01 4.502164907461671250e-02 -3.084703999999999779e-01 -9.996519494919159365e-01 1.864446501222960517e-02 1.866450646064243823e-02 9.529106099999999913e+00
-3.593829312817567456e-02 -4.787708297590406725e-02 9.982065036918720269e-01 7.008499999999999452e-02 2.137002220709983968e-02 9.985865359865979674e-01 4.866469251063934576e-02 -3.071953000000000045e-01 -9.991254982422884678e-01 2.308062113560670203e-02 -3.486436131772963076e-02 9.525318099999999788e+00
-1.270751195802126143e-01 -6.140723320595543877e-02 9.899904371728367458e-01 1.237555999999999934e-01 2.026253408067477113e-02 9.977128039465116283e-01 6.448713479306596164e-02 -3.043268000000000084e-01 -9.916861114769655039e-01 2.825442533797085584e-02 -1.255402077125765681e-01 9.515017500000000794e+00
-2.004609202205470952e-01 -7.748359648424901769e-02 9.766328438774715126e-01 1.813783999999999952e-01 5.853617464766779077e-03 9.967550400194035154e-01 8.028153809247474959e-02 -3.011552000000000118e-01 -9.796842116860452476e-01 2.181014607432439981e-02 -1.993568732231447704e-01 9.502389000000000863e+00
-2.302727202603538359e-01 -7.617896563654083519e-02 9.701398040996170868e-01 2.101134000000000057e-01 4.508069444879837795e-03 9.968369929084688330e-01 7.934536457211258109e-02 -3.000802000000000191e-01 -9.731156928206311507e-01 2.264453054819307032e-02 -2.292009459458554943e-01 9.494397199999999870e+00
-2.773176555001675148e-01 -5.397719741563308804e-02 9.592608509196253186e-01 2.686666999999999805e-01 1.139378684198269487e-02 9.981656481879477294e-01 5.946024217015670466e-02 -2.978610999999999898e-01 -9.607107262695099292e-01 2.741898861533722739e-02 -2.761939526746053364e-01 9.474605600000000294e+00
-2.941602573412199217e-01 -4.014448471102557287e-02 9.549126469726084698e-01 2.990040999999999949e-01 1.159732786958354335e-02 9.988940087992335126e-01 4.556600894616823910e-02 -2.960919000000000190e-01 -9.556857459370379226e-01 2.447814397137040160e-02 -2.933693499336360588e-01 9.463843300000000625e+00
-3.207812569190203744e-01 -2.328800056420118197e-02 9.468669675509727712e-01 3.634541000000000022e-01 3.752726256752278791e-03 9.996585884963524737e-01 2.585775495131270932e-02 -2.910379000000000160e-01 -9.471458716877222406e-01 1.184801566516606106e-02 -3.205843450165691833e-01 9.442547799999999825e+00
-3.392999649531839856e-01 -3.252599384310294467e-02 9.401157341026086245e-01 4.326195999999999930e-01 4.270179758207226853e-03 9.993384762873912530e-01 3.611613734091301264e-02 -2.897157000000000204e-01 -9.406685385126903887e-01 1.626866731215325171e-02 -3.389366181401557432e-01 9.417314499999999811e+00
-3.532031614264268815e-01 -3.383023593411504937e-02 9.349347794873286155e-01 5.040232999999999519e-01 9.678900340153381854e-03 9.991603592885418550e-01 3.981074370816524433e-02 -2.883356000000000252e-01 -9.354965770362728694e-01 2.311042109166232261e-02 -3.525791581905873828e-01 9.389687500000000853e+00
-3.620157239493732582e-01 -2.815367671399506694e-02 9.317467392488663069e-01 5.775390000000000246e-01 8.002992035731548368e-03 9.994131016277550961e-01 3.330772302734742035e-02 -2.857310000000000128e-01 -9.321376334704478683e-01 1.951468119837790338e-02 -3.615779438597416240e-01 9.361477900000000574e+00
-3.671315345396593544e-01 -2.687816866720521905e-02 9.297806194988429418e-01 6.544223000000000123e-01 9.258834939158074734e-03 9.994273048267938719e-01 3.254744755307847903e-02 -2.832775000000000154e-01 -9.301229544109339553e-01 2.055787965107870943e-02 -3.666724195547401699e-01 9.331191099999999850e+00
-3.682196041079662807e-01 -2.634313995369607503e-02 9.293655696914708830e-01 7.337270000000000181e-01 1.262143295497265318e-02 9.993647712636060110e-01 3.332796704576494740e-02 -2.819518999999999775e-01 -9.296531732752464361e-01 2.400193605983578712e-02 -3.676532122593841878e-01 9.299192400000000802e+00
-3.672894851015341411e-01 -2.719138163816228401e-02 9.297091281139803209e-01 8.152084000000000552e-01 1.097309036854670836e-02 9.993763313145720417e-01 3.356396424724737704e-02 -2.796789000000000081e-01 -9.300419482053555731e-01 2.252947342559527555e-02 -3.667620446632281483e-01 9.267958600000000047e+00
-3.650921320824962457e-01 -2.728980098456765604e-02 9.305713308788746696e-01 8.958812000000000442e-01 1.206833310721295779e-02 9.993475527680568682e-01 3.404150573210860953e-02 -2.779434000000000071e-01 -9.308931681065614194e-01 2.365873070810278755e-02 -3.645245863228034899e-01 9.236945199999999190e+00
-3.619300198211619080e-01 -2.878869324947497949e-02 9.317606301477012742e-01 9.761779000000000428e-01 1.232290630994746505e-02 9.992879389230054921e-01 3.566175967458596469e-02 -2.761382000000000003e-01 -9.321238151299053865e-01 2.438906033448813224e-02 -3.613175431717522423e-01 9.206567800000000190e+00
-3.589154244848447584e-01 -3.397458064631991154e-02 9.327515456630298685e-01 1.053426500000000043e+00 1.256085146645695601e-02 9.990709917065853096e-01 4.122351926822726692e-02 -2.745422000000000140e-01 -9.332855635213169743e-01 2.651191053709640172e-02 -3.581552394177301979e-01 9.177310000000000301e+00
-3.539600910504848152e-01 -3.440537615798364146e-02 9.346274787502021342e-01 1.125345500000000110e+00 1.482158162323727810e-02 9.989912835209401321e-01 4.238792478253947810e-02 -2.728946999999999901e-01 -9.351430771073042658e-01 2.885629117908537419e-02 -3.530931035827089559e-01 9.150793999999999428e+00
-3.492830120272140126e-01 -3.306600161507292773e-02 9.364336693254833310e-01 1.191484599999999894e+00 1.348379040062810778e-02 9.990963174704422523e-01 4.030801177722977829e-02 -2.715214000000000238e-01 -9.369202553609503603e-01 2.670557908365515237e-02 -3.485215160362091780e-01 9.127211600000000757e+00
-3.422035861227162856e-01 -3.173079281978496285e-02 9.390899117932111073e-01 1.285067399999999971e+00 1.657553843897157861e-02 9.990702701076268344e-01 3.979757420411136198e-02 -2.695960000000000023e-01 -9.394796204123915251e-01 2.918479354221060335e-02 -3.413594742433373463e-01 9.093686099999999328e+00
-3.366206457353430603e-01 -3.484030338679634103e-02 9.409955866658659129e-01 1.340839700000000079e+00 1.689799384846254332e-02 9.989308565098352632e-01 4.303024188201019784e-02 -2.683691999999999744e-01 -9.414887140420848954e-01 3.038580544338046266e-02 -3.356720187309913950e-01 9.074670799999999815e+00
-3.274068112183159407e-01 -3.456698091163649955e-02 9.442509750053258433e-01 1.390369699999999931e+00 1.683405198331679870e-02 9.989586010625861601e-01 4.240669825515487601e-02 -2.672452000000000161e-01 -9.447335045724147840e-01 2.977981184855481300e-02 -3.264839477594383421e-01 9.057921399999999679e+00
-3.166131423255289512e-01 -3.478292849602863945e-02 9.479168033071231347e-01 1.450949899999999904e+00 1.570615445846038766e-02 9.989982125786192046e-01 4.190331701489662802e-02 -2.657902999999999794e-01 -9.484247122565302446e-01 2.815526860046089694e-02 -3.157496572146272218e-01 9.038591399999999609e+00
-3.114789723690085665e-01 -3.282627864448912913e-02 9.496858876503855296e-01 1.497412900000000047e+00 1.595219015771093957e-02 9.990816874896633060e-01 3.976568057985459953e-02 -2.649091000000000085e-01 -9.501191385300680192e-01 2.753574319246080565e-02 -3.106692862928683851e-01 9.024358700000000510e+00
-3.162473071688984283e-01 -2.783179194417339034e-02 9.482684388218329818e-01 1.539322499999999927e+00 1.286640788443784919e-02 9.993517969476588547e-01 3.362203868947234719e-02 -2.641056999999999988e-01 -9.485895299108944023e-01 2.283368771489495408e-02 -3.156842195117883776e-01 9.010378799999999799e+00
-3.240864375170413592e-01 -2.752931101828001020e-02 9.456268386908082135e-01 1.579900000000000082e+00 1.811279406254628216e-02 9.992127159005108616e-01 3.529695559071308747e-02 -2.633166000000000118e-01 -9.458540625851119543e-01 2.856720878181469997e-02 -3.233326566767662502e-01 8.995563499999999379e+00
-3.177498259026614869e-01 -2.690399390903160104e-02 9.477928166274371957e-01 1.619791200000000098e+00 1.688300857940246841e-02 9.992783533190102707e-01 3.402552878876344278e-02 -2.626002000000000058e-01 -9.480242677063366319e-01 2.681320010349264038e-02 -3.170663024354274384e-01 8.982778500000000221e+00
-2.913714555779185478e-01 -1.184734800213521969e-02 9.565366251324209923e-01 1.682959400000000105e+00 1.898126481307743293e-02 9.996548435712070413e-01 1.816329570098712196e-02 -2.611617999999999995e-01 -9.564216572519157467e-01 2.344854089153462426e-02 -2.910460091970977770e-01 8.964940999999999605e+00
-2.595933600728636548e-01 -1.431092354314968292e-02 9.656119742802605765e-01 1.750344300000000075e+00 1.828818382573162149e-02 9.996380342587529721e-01 1.973177122441450299e-02 -2.599408000000000274e-01 -9.655448356955965705e-01 2.278152608229984388e-02 -2.592376753693889091e-01 8.948330900000000199e+00
-2.294985115682807719e-01 -1.585712039676571289e-02 9.731798317477949878e-01 1.834316499999999905e+00 1.681353826897762083e-02 9.996534900909715970e-01 2.025351030851850476e-02 -2.583162999999999987e-01 -9.731637776442471077e-01 2.101074681352657625e-02 -2.291523737592883192e-01 8.930419000000000551e+00
-2.137503515726305314e-01 -1.808776471564294691e-02 9.767208505863732571e-01 1.934750900000000051e+00 1.482474912724646328e-02 9.996533748233502603e-01 2.175676946608704268e-02 -2.561513999999999736e-01 -9.767758258760764756e-01 1.913015869975453684e-02 -2.134081137450757337e-01 8.910161999999999694e+00
-2.143083477342792309e-01 -2.255477684083193740e-02 9.765056139792865908e-01 2.049548900000000007e+00 1.242928121039051093e-02 9.995894459761262008e-01 2.581574058078134337e-02 -2.541629999999999723e-01 -9.766869739379123727e-01 1.766979158907763109e-02 -2.139400229157748523e-01 8.886144599999999727e+00
-2.202861264348094095e-01 -1.917642979430663266e-02 9.752467826353957703e-01 2.175158699999999889e+00 1.396557212166379611e-02 9.996422550380765770e-01 2.281062773585603581e-02 -2.517608000000000068e-01 -9.753353194136166193e-01 1.864474410479335237e-02 -2.199395103695672704e-01 8.857822399999999874e+00
-2.264197396577239119e-01 -1.910241297628814672e-02 9.738424920446900890e-01 2.312044600000000116e+00 1.482025642191245156e-02 9.996243690390400616e-01 2.305386785096768740e-02 -2.491155999999999926e-01 -9.739170711579695494e-01 1.965244620357621194e-02 -2.260515867347501207e-01 8.827024500000000273e+00
-2.309996796269079000e-01 -1.816144436393071424e-02 9.727843080307584378e-01 2.459951900000000080e+00 1.474197529069102945e-02 9.996456617595957939e-01 2.216359830326056560e-02 -2.469579000000000080e-01 -9.728421363082472295e-01 1.946054633959408767e-02 -2.306500920428387058e-01 8.792638800000000643e+00
-2.343145014603186527e-01 -2.167332224753846376e-02 9.719192258146542862e-01 2.617784299999999842e+00 1.617552346039902167e-02 9.995261423477960205e-01 2.618860828901826976e-02 -2.431279000000000079e-01 -9.720262685988401152e-01 2.185767293395867589e-02 -2.338528924082994287e-01 8.755271900000000329e+00
-2.363925104478523109e-01 -2.738455274914010362e-02 9.712716753179265750e-01 2.786189600000000155e+00 1.826683119237744457e-02 9.993008624339108081e-01 3.262068694910194577e-02 -2.392408000000000035e-01 -9.714859257253042335e-01 2.545334181540189616e-02 -2.357270105611087851e-01 8.714962999999999127e+00
-2.339331970906660396e-01 -2.201203896696525206e-02 9.720034616396469040e-01 2.963562299999999983e+00 1.905618098488829140e-02 9.994478192751817813e-01 2.721981837475777669e-02 -2.339351000000000069e-01 -9.720659037664116653e-01 2.489029301957737875e-02 -2.333845582899365390e-01 8.673387500000000472e+00
-2.312233245814075966e-01 -2.400492094076216859e-02 9.726045126052772494e-01 3.086597900000000116e+00 1.774800489800228143e-02 9.994251318917599658e-01 2.888622622078841629e-02 -2.309900000000000009e-01 -9.727388048657571451e-01 2.394095891491890976e-02 -2.306643622117917625e-01 8.645840599999999654e+00
-2.212868227063456150e-01 -2.168007957145067638e-02 9.749677513878631796e-01 3.275565600000000188e+00 2.173351660730140494e-02 9.993949177273570017e-01 2.715607991978084140e-02 -2.270542999999999867e-01 -9.749665616586091765e-01 2.719876045897932221e-02 -2.206817416033427515e-01 8.603513700000000597e+00
-2.131669990577987062e-01 -2.347510588960049702e-02 9.767337149480226355e-01 3.406629600000000035e+00 2.010421336856268656e-02 9.993942373666208079e-01 2.840737445139658937e-02 -2.254489000000000076e-01 -9.768089122840375449e-01 2.569197777249930884e-02 -2.125659219174457215e-01 8.576219599999999943e+00
-1.973622265705992085e-01 -2.454340257994174976e-02 9.800233532487344634e-01 3.673407300000000042e+00 1.697849345544433577e-02 9.994510373110587764e-01 2.844916128521097348e-02 -2.203965999999999981e-01 -9.801835962119945789e-01 2.225410990463158600e-02 -1.968371720719277462e-01 8.524053600000000230e+00
-1.858434862614911920e-01 -2.684640543376980160e-02 9.822125376564183608e-01 3.882762000000000047e+00 1.749034382861597292e-02 9.993779078682610839e-01 3.062491040989774940e-02 -2.153623000000000065e-01 -9.824236797262839715e-01 2.287067511340938955e-02 -1.852583216293539614e-01 8.484540900000000718e+00
-1.699402262453557910e-01 -2.883410467577360303e-02 9.850324430754672234e-01 4.165002300000000268e+00 1.923401926418120966e-02 9.992843810594487231e-01 3.256959124059869565e-02 -2.105559999999999932e-01 -9.852666502052235264e-01 2.448101669010312176e-02 -1.692640180758937518e-01 8.436244999999999550e+00
-1.621486187276461044e-01 -2.873614909313719490e-02 9.863478388378073003e-01 4.306759399999999793e+00 1.930646323594276126e-02 9.992921508657528484e-01 3.228711345748784545e-02 -2.078132000000000035e-01 -9.865774606801207547e-01 2.427819913820817785e-02 -1.614790485622511484e-01 8.414035800000000620e+00
-1.493344321635541594e-01 -2.533098276462402917e-02 9.884622242061487096e-01 4.519450700000000154e+00 2.093266284788603340e-02 9.993667718717088588e-01 2.877288488866814112e-02 -2.040839000000000125e-01 -9.885651475732315507e-01 2.498792890373542283e-02 -1.487096244787683430e-01 8.382049600000000211e+00
